#        klen             E | projection   |layer 1: A    |layer 2: A    |layer 3: A    |layer 4: A    |layer 5: A    |layer
#column    1               2               3               4               5               6               7
     0.000000000    -1.577111302     0.000000000     0.000000000     0.258363211     0.473465884     0.268170904
     0.003948186    -1.556249635     0.000000000     0.000000000     0.258537292     0.473120347     0.268342361
     0.007896373    -1.549035376     0.000000000     0.000000000     0.241658625     0.526563642     0.231777733
     0.011844559    -1.566574896     0.000000000     0.000000000     0.241797505     0.526285298     0.231917197
     0.015792746    -1.584290287     0.000000000     0.000000000     0.241935062     0.526009659     0.232055279
     0.019740932    -1.581019156     0.000000000     0.000000000     0.493959504     0.012005447     0.494035049
     0.023689119    -1.576516141     0.000000000     0.000000000     0.493923916     0.012075961     0.494000124
     0.027637305    -1.572335220     0.000000000     0.000000000     0.493890585     0.012142000     0.493967415
     0.031585492    -1.568478961     0.000000000     0.000000000     0.493859594     0.012203402     0.493937004
     0.035533678    -1.564949755     0.000000000     0.000000000     0.493831020     0.012260014     0.493908966
     0.039481865    -1.561749812     0.000000000     0.000000000     0.493804936     0.012311693     0.493883372
     0.043430051    -1.558881153     0.000000000     0.000000000     0.493781408     0.012358305     0.493860287
     0.047378238    -1.556345602     0.000000000     0.000000000     0.493760498     0.012399730     0.493839772
     0.051326424    -1.554144784     0.000000000     0.000000000     0.493742262     0.012435859     0.493821880
     0.055274611    -1.552280118     0.000000000     0.000000000     0.493726747     0.012466595     0.493806658
     0.059222797    -1.537758117     0.202207149     0.797792851     0.000000000     0.000000000     0.000000000
     0.063170984    -1.519392403     0.186150880     0.813849120     0.000000000     0.000000000     0.000000000
     0.067119170    -1.515295361     0.033583572     0.966416428     0.000000000     0.000000000     0.000000000
     0.071067357    -1.528695576     0.000000000     0.000000000     0.493525321     0.012865607     0.493609071
     0.075015543    -1.548033796     0.000000000     0.000000000     0.493691195     0.012537026     0.493771779
     0.075015543    -1.548033796     0.000000000     0.000000000     0.493691195     0.012537026     0.493771779
     0.082911928    -1.547869299     0.021582488     0.978417512     0.000000000     0.000000000     0.000000000
     0.090808313    -1.550752692     0.000000000     0.000000000     0.493713994     0.012491860     0.493794146
     0.098704697    -1.554144609     0.000000000     0.000000000     0.493742260     0.012435861     0.493821878
     0.106601082    -1.558880928     0.000000000     0.000000000     0.493781406     0.012358309     0.493860285
     0.114497467    -1.564949486     0.000000000     0.000000000     0.493831018     0.012260019     0.493908964
     0.122393852    -1.568031590     0.756548136     0.243451864     0.000000000     0.000000000     0.000000000
     0.130290237    -1.529691998     0.195105943     0.804894057     0.000000000     0.000000000     0.000000000
     0.138186621    -1.540324236     0.072675129     0.927324871     0.000000000     0.000000000     0.000000000
     0.146083006    -1.552607169     0.066441337     0.933558663     0.000000000     0.000000000     0.000000000
     0.153979391    -1.565962246     0.061400505     0.938599495     0.000000000     0.000000000     0.000000000
     0.161875776    -1.580392597     0.057343869     0.942656131     0.000000000     0.000000000     0.000000000
     0.169772160    -1.595890757     0.054126787     0.945873213     0.000000000     0.000000000     0.000000000
     0.177668545    -1.612442038     0.051658942     0.948341058     0.000000000     0.000000000     0.000000000
     0.185564930    -1.630027024     0.049912302     0.950087698     0.000000000     0.000000000     0.000000000
     0.193461315    -1.648374045     0.047405670     0.952594330     0.000000000     0.000000000     0.000000000
     0.201357700    -1.667920848     0.046392493     0.953607507     0.000000000     0.000000000     0.000000000
     0.209254084    -1.688401756     0.046027904     0.953972096     0.000000000     0.000000000     0.000000000
     0.217150469    -1.709754970     0.047473835     0.952526165     0.000000000     0.000000000     0.000000000
     0.225046854    -1.730764786     0.263809688     0.736190312     0.000000000     0.000000000     0.000000000
     0.225046854    -1.730764786     0.263809688     0.736190312     0.000000000     0.000000000     0.000000000
     0.231885320    -1.702564601     0.725653269     0.274346731     0.000000000     0.000000000     0.000000000
     0.238723787    -1.669021165     0.723454129     0.276545871     0.000000000     0.000000000     0.000000000
     0.245562253    -1.635658849     0.718065944     0.281934056     0.000000000     0.000000000     0.000000000
     0.252400720    -1.602554351     0.712003772     0.287996228     0.000000000     0.000000000     0.000000000
     0.259239186    -1.595164221     0.000000000     0.000000000     0.258216133     0.473757858     0.268026010
     0.266077652    -1.579019579     0.000000000     0.000000000     0.493943740     0.012036681     0.494019579
     0.272916119    -1.547183919     0.000000000     0.000000000     0.493684042     0.012551195     0.493764763
     0.279754585    -1.519221351     0.000000000     0.000000000     0.241416221     0.527049606     0.231534173
     0.286593052    -1.555561196     0.000000000     0.000000000     0.241710614     0.526459439     0.231829947
     0.293431518    -1.592106696     0.000000000     0.000000000     0.241994905     0.525889760     0.232115335
     0.300269985    -1.556388540     0.000000000     0.000000000     0.258536118     0.473122677     0.268341205
     0.307108451    -1.518081648     0.000000000     0.000000000     0.258867773     0.472464478     0.268667749
     0.313946917    -1.496264485     0.000000000     0.000000000     0.259064004     0.472075112     0.268860884
     0.320785384    -1.525397212     0.506755275     0.493244725     0.000000000     0.000000000     0.000000000
     0.327623850    -1.562038766     0.506813665     0.493186335     0.000000000     0.000000000     0.000000000
     0.334462317    -1.594631207     0.000000000     0.000000000     0.242014123     0.525851257     0.232134620
     0.341300783    -1.567219807     0.000000000     0.000000000     0.241802560     0.526275168     0.231922272
     0.348139249    -1.561798126     0.000000000     0.000000000     0.258490552     0.473213117     0.268296330
     0.354977716    -1.577111302     0.000000000     0.000000000     0.258363211     0.473465884     0.268170904
     0.354977716    -1.577111302     0.000000000     0.000000000     0.258363211     0.473465884     0.268170904
     0.358925902    -1.598020772     0.000000000     0.000000000     0.258193156     0.473803473     0.268003371
     0.362874089    -1.618976541     0.000000000     0.000000000     0.258027000     0.474133357     0.267839643
     0.366822275    -1.628278822     0.000000000     0.000000000     0.494314536     0.011301892     0.494383572
     0.370770462    -1.635540132     0.000000000     0.000000000     0.494366248     0.011199401     0.494434351
     0.374718648    -1.643090012     0.000000000     0.000000000     0.494419256     0.011094337     0.494486407
     0.378666835    -1.650924514     0.000000000     0.000000000     0.494473460     0.010986898     0.494539642
     0.382615021    -1.659039617     0.000000000     0.000000000     0.494528761     0.010877281     0.494593958
     0.386563208    -1.667431235     0.000000000     0.000000000     0.494585061     0.010765679     0.494649261
     0.390511394    -1.649534333     0.000000000     0.000000000     0.257792061     0.474599866     0.267608072
     0.394459581    -1.626761093     0.000000000     0.000000000     0.257966337     0.474253808     0.267779856
     0.398407767    -1.603992711     0.000000000     0.000000000     0.258145376     0.473898331     0.267956293
     0.402355953    -1.581229371     0.000000000     0.000000000     0.258329375     0.473533053     0.268137572
     0.406304140    -1.558471265     0.000000000     0.000000000     0.258518539     0.473157569     0.268323893
     0.410252326    -1.535718599     0.000000000     0.000000000     0.258713085     0.472771451     0.268515464
     0.414200513    -1.512971587     0.000000000     0.000000000     0.258913243     0.472374250     0.268712507
     0.418148699    -1.513198134     0.949609003     0.050390997     0.000000000     0.000000000     0.000000000
     0.422096886    -1.516902990     0.938117496     0.061882504     0.000000000     0.000000000     0.000000000
     0.426045072    -1.521760964     0.970756193     0.029243807     0.000000000     0.000000000     0.000000000
     0.429993259    -1.529282801     0.983628769     0.016371231     0.000000000     0.000000000     0.000000000
     0.429993259    -1.529282801     0.983628769     0.016371231     0.000000000     0.000000000     0.000000000
     0.437889632    -1.494972901     0.958315602     0.041684398     0.000000000     0.000000000     0.000000000
     0.445786005    -1.487299546     0.830822836     0.169177164     0.000000000     0.000000000     0.000000000
     0.453682378    -1.495412267     0.857317169     0.142682831     0.000000000     0.000000000     0.000000000
     0.461578751    -1.519782394     0.000000000     0.000000000     0.258852705     0.472494379     0.268652916
     0.469475124    -1.546221687     0.000000000     0.000000000     0.258622589     0.472951052     0.268426358
     0.477371496    -1.566330846     0.250668449     0.749331551     0.000000000     0.000000000     0.000000000
     0.485267869    -1.553607714     0.000000000     0.000000000     0.241695091     0.526490551     0.231814357
     0.493164242    -1.598827942     0.000000000     0.000000000     0.242045954     0.525787487     0.232166559
     0.501060615    -1.644093387     0.000000000     0.000000000     0.242380168     0.525118077     0.232501754
     0.508956988    -1.644092526     0.000000000     0.000000000     0.242380162     0.525118090     0.232501748
     0.516853361    -1.598827082     0.000000000     0.000000000     0.242045947     0.525787501     0.232166552
     0.524749734    -1.598883391     0.944733685     0.055266315     0.000000000     0.000000000     0.000000000
     0.532646107    -1.573397562     0.000000000     0.000000000     0.258393873     0.473405020     0.268201107
     0.540542480    -1.552111238     0.000000000     0.000000000     0.493725339     0.012469385     0.493805277
     0.548438853    -1.596927611     0.000000000     0.000000000     0.494082712     0.011761311     0.494155977
     0.556335226    -1.641807719     0.000000000     0.000000000     0.494410307     0.011112075     0.494477618
     0.564231599    -1.686746264     0.000000000     0.000000000     0.494711328     0.010515362     0.494773309
     0.572127972    -1.712790559     0.950859080     0.049140920     0.000000000     0.000000000     0.000000000
     0.580024345    -1.730764786     0.263809688     0.736190312     0.000000000     0.000000000     0.000000000
  
     0.000000000    -1.514515349     0.000000000     0.000000000     0.241377211     0.527127828     0.231494961
     0.003948186    -1.531679533     0.000000000     0.000000000     0.241518499     0.526844540     0.231636961
     0.007896373    -1.535437471     0.000000000     0.000000000     0.258715524     0.472766611     0.268517865
     0.011844559    -1.514676384     0.000000000     0.000000000     0.258898041     0.472404416     0.268697543
     0.015792746    -1.500967741     0.353467749     0.646532251     0.000000000     0.000000000     0.000000000
     0.019740932    -1.500598711     0.321047840     0.678952160     0.000000000     0.000000000     0.000000000
     0.023689119    -1.500242952     0.290171469     0.709828531     0.000000000     0.000000000     0.000000000
     0.027637305    -1.499937642     0.260896912     0.739103088     0.000000000     0.000000000     0.000000000
     0.031585492    -1.499725234     0.233201364     0.766798636     0.000000000     0.000000000     0.000000000
     0.035533678    -1.499654104     0.206988983     0.793011017     0.000000000     0.000000000     0.000000000
     0.039481865    -1.499780222     0.182100827     0.817899173     0.000000000     0.000000000     0.000000000
     0.043430051    -1.500170317     0.158326892     0.841673108     0.000000000     0.000000000     0.000000000
     0.047378238    -1.500907303     0.135424190     0.864575810     0.000000000     0.000000000     0.000000000
     0.051326424    -1.502099107     0.113152694     0.886847306     0.000000000     0.000000000     0.000000000
     0.055274611    -1.503892305     0.091357375     0.908642625     0.000000000     0.000000000     0.000000000
     0.059222797    -1.506491111     0.070152750     0.929847250     0.000000000     0.000000000     0.000000000
     0.063170984    -1.510176384     0.050282985     0.949717015     0.000000000     0.000000000     0.000000000
     0.067119170    -1.513966794     0.064278796     0.935721204     0.000000000     0.000000000     0.000000000
     0.071067357    -1.528694869     0.000000000     0.000000000     0.493525315     0.012865620     0.493609065
     0.075015543    -1.535745187     0.031776918     0.968223082     0.000000000     0.000000000     0.000000000
     0.075015543    -1.535745187     0.031776918     0.968223082     0.000000000     0.000000000     0.000000000
     0.082911928    -1.509459312     0.000000000     0.000000000     0.493353608     0.013205717     0.493440675
     0.090808313    -1.485060814     0.164621611     0.835378389     0.000000000     0.000000000     0.000000000
     0.098704697    -1.492997216     0.138639703     0.861360297     0.000000000     0.000000000     0.000000000
     0.106601082    -1.501048255     0.117972001     0.882027999     0.000000000     0.000000000     0.000000000
     0.114497467    -1.509577926     0.102244975     0.897755025     0.000000000     0.000000000     0.000000000
     0.122393852    -1.518874037     0.090043150     0.909956850     0.000000000     0.000000000     0.000000000
     0.130290237    -1.529094460     0.080399207     0.919600793     0.000000000     0.000000000     0.000000000
     0.138186621    -1.540069092     0.073681541     0.926318459     0.000000000     0.000000000     0.000000000
     0.146083006    -1.552356070     0.066681760     0.933318240     0.000000000     0.000000000     0.000000000
     0.153979391    -1.565726239     0.061389526     0.938610474     0.000000000     0.000000000     0.000000000
     0.161875776    -1.580167774     0.057150765     0.942849235     0.000000000     0.000000000     0.000000000
     0.169772160    -1.595671360     0.053747365     0.946252635     0.000000000     0.000000000     0.000000000
     0.177668545    -1.612221633     0.051045075     0.948954925     0.000000000     0.000000000     0.000000000
     0.185564930    -1.629797694     0.048951187     0.951048813     0.000000000     0.000000000     0.000000000
     0.193461315    -1.603992552     0.000000000     0.000000000     0.258145377     0.473898329     0.267956294
     0.201357700    -1.598817846     0.952393370     0.047606630     0.000000000     0.000000000     0.000000000
     0.209254084    -1.644097207     0.948271463     0.051728537     0.000000000     0.000000000     0.000000000
     0.217150469    -1.689176697     0.926582998     0.073417002     0.000000000     0.000000000     0.000000000
     0.225046854    -1.728524501     0.367654101     0.632345899     0.000000000     0.000000000     0.000000000
     0.225046854    -1.728524501     0.367654101     0.632345899     0.000000000     0.000000000     0.000000000
     0.231885320    -1.696580862     0.271629642     0.728370358     0.000000000     0.000000000     0.000000000
     0.238723787    -1.662847184     0.275413870     0.724586130     0.000000000     0.000000000     0.000000000
     0.245562253    -1.629308196     0.280966442     0.719033558     0.000000000     0.000000000     0.000000000
     0.252400720    -1.596015464     0.287070597     0.712929403     0.000000000     0.000000000     0.000000000
     0.259239186    -1.569736946     0.705528792     0.294471208     0.000000000     0.000000000     0.000000000
     0.266077652    -1.537229983     0.698700643     0.301299357     0.000000000     0.000000000     0.000000000
     0.272916119    -1.505056420     0.691540283     0.308459717     0.000000000     0.000000000     0.000000000
     0.279754585    -1.515724270     0.000000000     0.000000000     0.493410290     0.013093452     0.493496258
     0.286593052    -1.484664561     0.000000000     0.000000000     0.493121793     0.013664807     0.493213400
     0.293431518    -1.466328939     0.000000000     0.000000000     0.259342435     0.471522732     0.269134833
     0.300269985    -1.475491864     0.000000000     0.000000000     0.259256051     0.471694097     0.269049852
     0.307108451    -1.485474825     0.000000000     0.000000000     0.259163108     0.471878485     0.268958406
     0.313946917    -1.488990188     0.506688211     0.493311789     0.000000000     0.000000000     0.000000000
     0.320785384    -1.507846749     0.000000000     0.000000000     0.258959145     0.472283169     0.268757686
     0.327623850    -1.520206849     0.000000000     0.000000000     0.258848949     0.472501831     0.268649219
     0.334462317    -1.533329429     0.000000000     0.000000000     0.258733838     0.472730266     0.268535896
     0.341300783    -1.547198620     0.000000000     0.000000000     0.258614233     0.472967638     0.268418129
     0.348139249    -1.540498804     0.000000000     0.000000000     0.241590044     0.526701114     0.231708842
     0.354977716    -1.514515349     0.000000000     0.000000000     0.241377211     0.527127828     0.231494961
     0.354977716    -1.514515349     0.000000000     0.000000000     0.241377211     0.527127828     0.231494961
     0.358925902    -1.502109511     0.530954101     0.469045899     0.000000000     0.000000000     0.000000000
     0.362874089    -1.502110480     0.567111768     0.432888232     0.000000000     0.000000000     0.000000000
     0.366822275    -1.502041640     0.602583699     0.397416301     0.000000000     0.000000000     0.000000000
     0.370770462    -1.501920651     0.637037918     0.362962082     0.000000000     0.000000000     0.000000000
     0.374718648    -1.501772033     0.670213213     0.329786787     0.000000000     0.000000000     0.000000000
     0.378666835    -1.501626596     0.701931489     0.298068511     0.000000000     0.000000000     0.000000000
     0.382615021    -1.501521018     0.732102099     0.267897901     0.000000000     0.000000000     0.000000000
     0.386563208    -1.501497811     0.760719552     0.239280448     0.000000000     0.000000000     0.000000000
     0.390511394    -1.501605921     0.787856556     0.212143444     0.000000000     0.000000000     0.000000000
     0.394459581    -1.501902326     0.813653943     0.186346057     0.000000000     0.000000000     0.000000000
     0.398407767    -1.502455119     0.838307275     0.161692725     0.000000000     0.000000000     0.000000000
     0.402355953    -1.503348803     0.862046098     0.137953902     0.000000000     0.000000000     0.000000000
     0.406304140    -1.504692864     0.885093722     0.114906278     0.000000000     0.000000000     0.000000000
     0.410252326    -1.506634834     0.907579331     0.092420669     0.000000000     0.000000000     0.000000000
     0.414200513    -1.509378025     0.929348444     0.070651556     0.000000000     0.000000000     0.000000000
     0.418148699    -1.507543284     0.921188488     0.078811512     0.000000000     0.000000000     0.000000000
     0.422096886    -1.496221244     0.811317159     0.188682841     0.000000000     0.000000000     0.000000000
     0.426045072    -1.477240026     0.789699125     0.210300875     0.000000000     0.000000000     0.000000000
     0.429993259    -1.459975815     0.775940199     0.224059801     0.000000000     0.000000000     0.000000000
     0.429993259    -1.459975815     0.775940199     0.224059801     0.000000000     0.000000000     0.000000000
     0.437889632    -1.474068761     0.819799011     0.180200989     0.000000000     0.000000000     0.000000000
     0.445786005    -1.484389552     0.827988793     0.172011207     0.000000000     0.000000000     0.000000000
     0.453682378    -1.494112021     0.000000000     0.000000000     0.259083664     0.472036104     0.268880232
     0.461578751    -1.519782394     0.000000000     0.000000000     0.258852705     0.472494379     0.268652916
     0.469475124    -1.546221687     0.000000000     0.000000000     0.258622589     0.472951052     0.268426358
     0.477371496    -1.521621136     0.907557465     0.092442535     0.000000000     0.000000000     0.000000000
     0.485267869    -1.532052046     0.879186713     0.120813287     0.000000000     0.000000000     0.000000000
     0.493164242    -1.543190091     0.925537701     0.074462299     0.000000000     0.000000000     0.000000000
     0.501060615    -1.555515631     0.931986958     0.068013042     0.000000000     0.000000000     0.000000000
     0.508956988    -1.568905155     0.937201087     0.062798913     0.000000000     0.000000000     0.000000000
     0.516853361    -1.583363230     0.941398890     0.058601110     0.000000000     0.000000000     0.000000000
     0.524749734    -1.598666385     0.945066402     0.054933598     0.000000000     0.000000000     0.000000000
     0.532646107    -1.573397562     0.000000000     0.000000000     0.258393873     0.473405020     0.268201107
     0.540542480    -1.546221178     0.000000000     0.000000000     0.258622594     0.472951043     0.268426363
     0.548438853    -1.550459699     0.044871810     0.955128190     0.000000000     0.000000000     0.000000000
     0.556335226    -1.595773414     0.046275565     0.953724435     0.000000000     0.000000000     0.000000000
     0.564231599    -1.641076611     0.049343179     0.950656821     0.000000000     0.000000000     0.000000000
     0.572127972    -1.686266098     0.061624289     0.938375711     0.000000000     0.000000000     0.000000000
     0.580024345    -1.728524501     0.367654101     0.632345899     0.000000000     0.000000000     0.000000000
  
     0.000000000    -1.514515349     0.000000000     0.000000000     0.241377211     0.527127828     0.231494961
     0.003948186    -1.531679483     0.000000000     0.000000000     0.241518499     0.526844541     0.231636960
     0.007896373    -1.535437407     0.000000000     0.000000000     0.258715524     0.472766610     0.268517865
     0.011844559    -1.514676287     0.000000000     0.000000000     0.258898042     0.472404415     0.268697544
     0.015792746    -1.500605017     0.354541214     0.645458786     0.000000000     0.000000000     0.000000000
     0.019740932    -1.500209764     0.322405531     0.677594469     0.000000000     0.000000000     0.000000000
     0.023689119    -1.499818363     0.291822368     0.708177632     0.000000000     0.000000000     0.000000000
     0.027637305    -1.499465400     0.262855396     0.737144604     0.000000000     0.000000000     0.000000000
     0.031585492    -1.499189572     0.235488305     0.764511695     0.000000000     0.000000000     0.000000000
     0.035533678    -1.499033734     0.209632255     0.790367745     0.000000000     0.000000000     0.000000000
     0.039481865    -1.499045522     0.185134328     0.814865672     0.000000000     0.000000000     0.000000000
     0.043430051    -1.499278632     0.161786087     0.838213913     0.000000000     0.000000000     0.000000000
     0.047378238    -1.499794612     0.139334387     0.860665613     0.000000000     0.000000000     0.000000000
     0.051326424    -1.500663624     0.117506421     0.882493579     0.000000000     0.000000000     0.000000000
     0.055274611    -1.501955546     0.096113412     0.903886588     0.000000000     0.000000000     0.000000000
     0.059222797    -1.503660392     0.075827689     0.924172311     0.000000000     0.000000000     0.000000000
     0.063170984    -1.504699058     0.074826695     0.925173305     0.000000000     0.000000000     0.000000000
     0.067119170    -1.509458621     0.000000000     0.000000000     0.493353602     0.013205729     0.493440669
     0.071067357    -1.522071650     0.022637475     0.977362525     0.000000000     0.000000000     0.000000000
     0.075015543    -1.526034354     0.016637477     0.983362523     0.000000000     0.000000000     0.000000000
     0.075015543    -1.526034354     0.016637477     0.983362523     0.000000000     0.000000000     0.000000000
     0.082911928    -1.509458597     0.000000000     0.000000000     0.493353602     0.013205730     0.493440669
     0.090808313    -1.482169151     0.167266946     0.832733054     0.000000000     0.000000000     0.000000000
     0.098704697    -1.491463283     0.140426990     0.859573010     0.000000000     0.000000000     0.000000000
     0.106601082    -1.500057719     0.119479339     0.880520661     0.000000000     0.000000000     0.000000000
     0.114497467    -1.508858552     0.103582733     0.896417267     0.000000000     0.000000000     0.000000000
     0.122393852    -1.518271459     0.092167001     0.907832999     0.000000000     0.000000000     0.000000000
     0.130290237    -1.523942237     0.632429695     0.367570305     0.000000000     0.000000000     0.000000000
     0.138186621    -1.514676224     0.000000000     0.000000000     0.258898042     0.472404414     0.268697544
     0.146083006    -1.531679950     0.000000000     0.000000000     0.241518503     0.526844533     0.231636964
     0.153979391    -1.497551842     0.000000000     0.000000000     0.241234861     0.527413309     0.231351831
     0.161875776    -1.464261011     0.000000000     0.000000000     0.240947401     0.527990011     0.231062588
     0.169772160    -1.431884042     0.000000000     0.000000000     0.240657131     0.528572652     0.230770217
     0.177668545    -1.462954778     0.955768090     0.044231910     0.000000000     0.000000000     0.000000000
     0.185564930    -1.508222118     0.955061946     0.044938054     0.000000000     0.000000000     0.000000000
     0.193461315    -1.553514385     0.954074790     0.045925210     0.000000000     0.000000000     0.000000000
     0.201357700    -1.558471038     0.000000000     0.000000000     0.258518540     0.473157565     0.268323894
     0.209254084    -1.512971291     0.000000000     0.000000000     0.258913246     0.472374244     0.268712510
     0.217150469    -1.467495075     0.000000000     0.000000000     0.259331383     0.471544655     0.269123962
     0.225046854    -1.422044345     0.000000000     0.000000000     0.259775065     0.470664649     0.269560286
     0.225046854    -1.422044345     0.000000000     0.000000000     0.259775065     0.470664649     0.269560286
     0.231885320    -1.456239879     0.000000000     0.000000000     0.259438764     0.471331649     0.269229587
     0.238723787    -1.490661776     0.000000000     0.000000000     0.259115292     0.471973352     0.268911356
     0.245562253    -1.525297480     0.000000000     0.000000000     0.258804067     0.472590897     0.268605036
     0.252400720    -1.560135274     0.000000000     0.000000000     0.258504526     0.473185381     0.268310093
     0.259239186    -1.562993172     0.293559808     0.706440192     0.000000000     0.000000000     0.000000000
     0.266077652    -1.530261481     0.300391419     0.699608581     0.000000000     0.000000000     0.000000000
     0.272916119    -1.497840252     0.307548974     0.692451026     0.000000000     0.000000000     0.000000000
     0.279754585    -1.473240319     0.684058215     0.315941785     0.000000000     0.000000000     0.000000000
     0.286593052    -1.457998553     0.000000000     0.000000000     0.259421880     0.471365141     0.269212979
     0.293431518    -1.454030445     0.000000000     0.000000000     0.492817869     0.014266596     0.492915535
     0.300269985    -1.423849412     0.000000000     0.000000000     0.492497858     0.014900110     0.492602032
     0.307108451    -1.452851958     0.506610802     0.493389198     0.000000000     0.000000000     0.000000000
     0.313946917    -1.479838992     0.000000000     0.000000000     0.259215430     0.471774684     0.269009886
     0.320785384    -1.441664777     0.000000000     0.000000000     0.259580223     0.471051069     0.269368708
     0.327623850    -1.459992126     0.000000000     0.000000000     0.492878606     0.014146342     0.492975052
     0.334462317    -1.496848923     0.000000000     0.000000000     0.493237229     0.013436204     0.493326567
     0.341300783    -1.533853492     0.000000000     0.000000000     0.493570210     0.012776690     0.493653100
     0.348139249    -1.538639156     0.494300900     0.505699100     0.000000000     0.000000000     0.000000000
     0.354977716    -1.514515349     0.000000000     0.000000000     0.241377211     0.527127828     0.231494961
     0.354977716    -1.514515349     0.000000000     0.000000000     0.241377211     0.527127828     0.231494961
     0.358925902    -1.501782420     0.530635644     0.469364356     0.000000000     0.000000000     0.000000000
     0.362874089    -1.501774849     0.566511739     0.433488261     0.000000000     0.000000000     0.000000000
     0.366822275    -1.501691889     0.601699311     0.398300689     0.000000000     0.000000000     0.000000000
     0.370770462    -1.501550381     0.635864803     0.364135197     0.000000000     0.000000000     0.000000000
     0.374718648    -1.501373591     0.668744382     0.331255618     0.000000000     0.000000000     0.000000000
     0.378666835    -1.501190497     0.700156099     0.299843901     0.000000000     0.000000000     0.000000000
     0.382615021    -1.501035149     0.730004175     0.269995825     0.000000000     0.000000000     0.000000000
     0.386563208    -1.500946262     0.758276906     0.241723094     0.000000000     0.000000000     0.000000000
     0.390511394    -1.500967213     0.785040376     0.214959624     0.000000000     0.000000000     0.000000000
     0.394459581    -1.501146606     0.810430050     0.189569950     0.000000000     0.000000000     0.000000000
     0.398407767    -1.501539499     0.834641160     0.165358840     0.000000000     0.000000000     0.000000000
     0.402355953    -1.502209100     0.857915632     0.142084368     0.000000000     0.000000000     0.000000000
     0.406304140    -1.503227365     0.880512674     0.119487326     0.000000000     0.000000000     0.000000000
     0.410252326    -1.504665346     0.902593389     0.097406611     0.000000000     0.000000000     0.000000000
     0.414200513    -1.506508113     0.923355195     0.076644805     0.000000000     0.000000000     0.000000000
     0.418148699    -1.490230454     0.000000000     0.000000000     0.259119256     0.471965488     0.268915256
     0.422096886    -1.467495439     0.000000000     0.000000000     0.259331380     0.471544662     0.269123958
     0.426045072    -1.449749779     0.772706109     0.227293891     0.000000000     0.000000000     0.000000000
     0.429993259    -1.459975114     0.775939577     0.224060423     0.000000000     0.000000000     0.000000000
     0.429993259    -1.459975114     0.775939577     0.224060423     0.000000000     0.000000000     0.000000000
     0.437889632    -1.472327214     0.798842379     0.201157621     0.000000000     0.000000000     0.000000000
     0.445786005    -1.469243233     0.000000000     0.000000000     0.259314847     0.471577458     0.269107695
     0.453682378    -1.494112021     0.000000000     0.000000000     0.259083664     0.472036104     0.268880232
     0.461578751    -1.503604396     0.878646372     0.121353628     0.000000000     0.000000000     0.000000000
     0.469475124    -1.512241580     0.894921472     0.105078528     0.000000000     0.000000000     0.000000000
     0.477371496    -1.521003258     0.905115142     0.094884858     0.000000000     0.000000000     0.000000000
     0.485267869    -1.531907509     0.917543322     0.082456678     0.000000000     0.000000000     0.000000000
     0.493164242    -1.542928493     0.924618227     0.075381773     0.000000000     0.000000000     0.000000000
     0.501060615    -1.555262872     0.931732357     0.068267643     0.000000000     0.000000000     0.000000000
     0.508956988    -1.568669132     0.937184950     0.062815050     0.000000000     0.000000000     0.000000000
     0.516853361    -1.583139587     0.941556884     0.058443116     0.000000000     0.000000000     0.000000000
     0.524749734    -1.553606855     0.000000000     0.000000000     0.241695084     0.526490565     0.231814350
     0.532646107    -1.508436553     0.000000000     0.000000000     0.241326514     0.527229492     0.231443994
     0.540542480    -1.546221178     0.000000000     0.000000000     0.258622594     0.472951043     0.268426363
     0.548438853    -1.519781899     0.000000000     0.000000000     0.258852709     0.472494370     0.268652921
     0.556335226    -1.494111541     0.000000000     0.000000000     0.259083668     0.472036096     0.268880236
     0.564231599    -1.469242768     0.000000000     0.000000000     0.259314852     0.471577449     0.269107699
     0.572127972    -1.445209006     0.000000000     0.000000000     0.259545571     0.471119798     0.269334631
     0.580024345    -1.422044345     0.000000000     0.000000000     0.259775065     0.470664649     0.269560286
  
     0.000000000    -1.502028464     0.494493018     0.505506982     0.000000000     0.000000000     0.000000000
     0.003948186    -1.501864801     0.458134388     0.541865612     0.000000000     0.000000000     0.000000000
     0.007896373    -1.501623769     0.422277723     0.577722277     0.000000000     0.000000000     0.000000000
     0.011844559    -1.501318149     0.387287247     0.612712753     0.000000000     0.000000000     0.000000000
     0.015792746    -1.493968151     0.000000000     0.000000000     0.259084980     0.472033493     0.268881527
     0.019740932    -1.473314588     0.000000000     0.000000000     0.259276483     0.471653563     0.269069953
     0.023689119    -1.452717594     0.000000000     0.000000000     0.259472699     0.471264339     0.269262963
     0.027637305    -1.432179149     0.000000000     0.000000000     0.259673778     0.470865520     0.269460702
     0.031585492    -1.411701320     0.000000000     0.000000000     0.259879879     0.470456800     0.269663321
     0.035533678    -1.391286267     0.000000000     0.000000000     0.260091165     0.470037860     0.269870976
     0.039481865    -1.378013235     0.000000000     0.000000000     0.491968368     0.015948045     0.492083587
     0.043430051    -1.396414258     0.000000000     0.000000000     0.492187609     0.015514177     0.492298213
     0.047378238    -1.414949216     0.000000000     0.000000000     0.492399311     0.015095175     0.492505514
     0.051326424    -1.433612898     0.000000000     0.000000000     0.492603731     0.014690532     0.492705737
     0.055274611    -1.452400329     0.000000000     0.000000000     0.492801123     0.014299750     0.492899127
     0.059222797    -1.471306755     0.000000000     0.000000000     0.492991738     0.013922340     0.493085923
     0.063170984    -1.490327632     0.000000000     0.000000000     0.493175818     0.013557822     0.493266360
     0.067119170    -1.509457945     0.000000000     0.000000000     0.493353596     0.013205741     0.493440663
     0.071067357    -1.518599622     0.029888231     0.970111769     0.000000000     0.000000000     0.000000000
     0.075015543    -1.526033672     0.016638117     0.983361883     0.000000000     0.000000000     0.000000000
     0.075015543    -1.526033672     0.016638117     0.983361883     0.000000000     0.000000000     0.000000000
     0.082911928    -1.491901850     0.044072598     0.955927402     0.000000000     0.000000000     0.000000000
     0.090808313    -1.471307402     0.000000000     0.000000000     0.492991744     0.013922327     0.493085929
     0.098704697    -1.433613504     0.000000000     0.000000000     0.492603737     0.014690519     0.492705743
     0.106601082    -1.396414824     0.000000000     0.000000000     0.492187616     0.015514164     0.492298220
     0.114497467    -1.391285885     0.000000000     0.000000000     0.260091169     0.470037852     0.269870980
     0.122393852    -1.432178840     0.000000000     0.000000000     0.259673781     0.470865514     0.269460705
     0.130290237    -1.473314354     0.000000000     0.000000000     0.259276486     0.471653559     0.269069955
     0.138186621    -1.514675867     0.000000000     0.000000000     0.258898045     0.472404407     0.268697547
     0.146083006    -1.531679445     0.000000000     0.000000000     0.241518499     0.526844542     0.231636960
     0.153979391    -1.497551374     0.000000000     0.000000000     0.241234857     0.527413317     0.231351827
     0.161875776    -1.464260583     0.000000000     0.000000000     0.240947397     0.527990018     0.231062585
     0.169772160    -1.431883656     0.000000000     0.000000000     0.240657128     0.528572659     0.230770214
     0.177668545    -1.400504686     0.000000000     0.000000000     0.240365273     0.529158814     0.230475913
     0.185564930    -1.370214222     0.000000000     0.000000000     0.240073284     0.529745608     0.230181109
     0.193461315    -1.341111691     0.000000000     0.000000000     0.239782871     0.530329632     0.229887497
     0.201357700    -1.358113117     0.000000000     0.000000000     0.260447521     0.469331412     0.270221067
     0.209254084    -1.378461252     0.000000000     0.000000000     0.260226978     0.469768600     0.270004422
     0.217150469    -1.399783417     0.000000000     0.000000000     0.260002502     0.470213654     0.269783845
     0.225046854    -1.422044345     0.000000000     0.000000000     0.259775065     0.470664649     0.269560286
     0.225046854    -1.422044345     0.000000000     0.000000000     0.259775065     0.470664649     0.269560286
     0.231885320    -1.422492682     0.000000000     0.000000000     0.259770555     0.470673593     0.269555852
     0.238723787    -1.423837012     0.000000000     0.000000000     0.259757048     0.470700380     0.269542572
     0.245562253    -1.426075294     0.000000000     0.000000000     0.259734613     0.470744870     0.269520516
     0.252400720    -1.429204147     0.000000000     0.000000000     0.259703366     0.470806839     0.269489794
     0.259239186    -1.433218870     0.000000000     0.000000000     0.259663465     0.470885973     0.269450562
     0.266077652    -1.447238401     0.000000000     0.000000000     0.240796134     0.528293599     0.230910266
     0.272916119    -1.483106512     0.000000000     0.000000000     0.241111466     0.527660829     0.231227705
     0.279754585    -1.465750089     0.315023435     0.684976565     0.000000000     0.000000000     0.000000000
     0.286593052    -1.441807672     0.676256705     0.323743295     0.000000000     0.000000000     0.000000000
     0.293431518    -1.410790018     0.668033577     0.331966423     0.000000000     0.000000000     0.000000000
