#        klen             E | projection   |layer 1: A    |layer 2: A    |layer 3: A    |layer 4: A    |layer 5: A    |layer
#column    1               2               3               4               5               6               7
     0.000000000    -1.577111302     0.000000000     0.000000000     0.258363211     0.473465884     0.268170904
     0.003948186    -1.598020772     0.000000000     0.000000000     0.258193156     0.473803473     0.268003371
     0.007896373    -1.618976541     0.000000000     0.000000000     0.258027000     0.474133357     0.267839643
     0.011844559    -1.628278822     0.000000000     0.000000000     0.494314536     0.011301892     0.494383572
     0.015792746    -1.635540132     0.000000000     0.000000000     0.494366248     0.011199401     0.494434351
     0.019740932    -1.643090012     0.000000000     0.000000000     0.494419256     0.011094337     0.494486407
     0.023689119    -1.650924514     0.000000000     0.000000000     0.494473460     0.010986898     0.494539642
     0.027637305    -1.659039617     0.000000000     0.000000000     0.494528761     0.010877281     0.494593958
     0.031585492    -1.667431235     0.000000000     0.000000000     0.494585061     0.010765679     0.494649261
     0.035533678    -1.649534333     0.000000000     0.000000000     0.257792061     0.474599866     0.267608072
     0.039481865    -1.626761093     0.000000000     0.000000000     0.257966337     0.474253808     0.267779856
     0.043430051    -1.603992711     0.000000000     0.000000000     0.258145376     0.473898331     0.267956293
     0.047378238    -1.581229371     0.000000000     0.000000000     0.258329375     0.473533053     0.268137572
     0.051326424    -1.558471265     0.000000000     0.000000000     0.258518539     0.473157569     0.268323893
     0.055274611    -1.535718599     0.000000000     0.000000000     0.258713085     0.472771451     0.268515464
     0.059222797    -1.512971587     0.000000000     0.000000000     0.258913243     0.472374250     0.268712507
     0.063170984    -1.513198134     0.949609003     0.050390997     0.000000000     0.000000000     0.000000000
     0.067119170    -1.516902990     0.938117496     0.061882504     0.000000000     0.000000000     0.000000000
     0.071067357    -1.521760964     0.970756193     0.029243807     0.000000000     0.000000000     0.000000000
     0.075015543    -1.529282801     0.983628769     0.016371231     0.000000000     0.000000000     0.000000000
     0.075015543    -1.529282801     0.983628769     0.016371231     0.000000000     0.000000000     0.000000000
     0.082911928    -1.494973821     0.958317728     0.041682272     0.000000000     0.000000000     0.000000000
     0.090808313    -1.487299346     0.830822222     0.169177778     0.000000000     0.000000000     0.000000000
     0.098704697    -1.495412073     0.857316587     0.142683413     0.000000000     0.000000000     0.000000000
     0.106601082    -1.519782292     0.000000000     0.000000000     0.258852706     0.472494377     0.268652917
     0.114497467    -1.546221570     0.000000000     0.000000000     0.258622590     0.472951050     0.268426359
     0.122393852    -1.566331684     0.250668159     0.749331841     0.000000000     0.000000000     0.000000000
     0.130290237    -1.553606900     0.000000000     0.000000000     0.241695085     0.526490564     0.231814351
     0.138186621    -1.598827195     0.000000000     0.000000000     0.242045948     0.525787499     0.232166553
     0.146083006    -1.644092708     0.000000000     0.000000000     0.242380164     0.525118087     0.232501749
     0.153979391    -1.644093138     0.000000000     0.000000000     0.242380167     0.525118081     0.232501752
     0.161875776    -1.598827625     0.000000000     0.000000000     0.242045951     0.525787492     0.232166556
     0.169772160    -1.598883223     0.944733655     0.055266345     0.000000000     0.000000000     0.000000000
     0.177668545    -1.573397998     0.000000000     0.000000000     0.258393870     0.473405027     0.268201103
     0.185564930    -1.552110902     0.000000000     0.000000000     0.493725336     0.012469390     0.493805274
     0.193461315    -1.596927342     0.000000000     0.000000000     0.494082710     0.011761315     0.494155975
     0.201357700    -1.641807517     0.000000000     0.000000000     0.494410306     0.011112078     0.494477617
     0.209254084    -1.686746129     0.000000000     0.000000000     0.494711327     0.010515364     0.494773309
     0.217150469    -1.712790526     0.950859090     0.049140910     0.000000000     0.000000000     0.000000000
     0.225046854    -1.730764786     0.263809688     0.736190312     0.000000000     0.000000000     0.000000000
     0.225046854    -1.730764786     0.263809688     0.736190312     0.000000000     0.000000000     0.000000000
     0.231885320    -1.702564601     0.725653265     0.274346735     0.000000000     0.000000000     0.000000000
     0.238723787    -1.669021165     0.723454124     0.276545876     0.000000000     0.000000000     0.000000000
     0.245562253    -1.635658849     0.718065940     0.281934060     0.000000000     0.000000000     0.000000000
     0.252400720    -1.602554351     0.712003767     0.287996233     0.000000000     0.000000000     0.000000000
     0.259239186    -1.595164221     0.000000000     0.000000000     0.258216133     0.473757858     0.268026010
     0.266077652    -1.579019579     0.000000000     0.000000000     0.493943740     0.012036681     0.494019579
     0.272916119    -1.547183919     0.000000000     0.000000000     0.493684042     0.012551195     0.493764763
     0.279754585    -1.519221351     0.000000000     0.000000000     0.241416221     0.527049606     0.231534173
     0.286593052    -1.555561196     0.000000000     0.000000000     0.241710614     0.526459439     0.231829947
     0.293431518    -1.592106696     0.000000000     0.000000000     0.241994905     0.525889760     0.232115335
     0.300269985    -1.556388540     0.000000000     0.000000000     0.258536118     0.473122677     0.268341205
     0.307108451    -1.518081648     0.000000000     0.000000000     0.258867773     0.472464478     0.268667749
     0.313946917    -1.496264485     0.000000000     0.000000000     0.259064004     0.472075112     0.268860884
     0.320785384    -1.525397212     0.506755275     0.493244725     0.000000000     0.000000000     0.000000000
     0.327623850    -1.562038766     0.506813665     0.493186335     0.000000000     0.000000000     0.000000000
     0.334462317    -1.594631207     0.000000000     0.000000000     0.242014123     0.525851257     0.232134620
     0.341300783    -1.567219807     0.000000000     0.000000000     0.241802560     0.526275168     0.231922272
     0.348139249    -1.561798126     0.000000000     0.000000000     0.258490552     0.473213117     0.268296330
     0.354977716    -1.577111302     0.000000000     0.000000000     0.258363211     0.473465884     0.268170904
     0.354977716    -1.577111302     0.000000000     0.000000000     0.258363211     0.473465884     0.268170904
     0.358925902    -1.556249635     0.000000000     0.000000000     0.258537292     0.473120347     0.268342361
     0.362874089    -1.549035376     0.000000000     0.000000000     0.241658625     0.526563642     0.231777733
     0.366822275    -1.566574896     0.000000000     0.000000000     0.241797505     0.526285298     0.231917197
     0.370770462    -1.584290287     0.000000000     0.000000000     0.241935062     0.526009659     0.232055279
     0.374718648    -1.581019156     0.000000000     0.000000000     0.493959504     0.012005447     0.494035049
     0.378666835    -1.576516141     0.000000000     0.000000000     0.493923916     0.012075961     0.494000124
     0.382615021    -1.572335221     0.000000000     0.000000000     0.493890585     0.012142000     0.493967415
     0.386563208    -1.568478961     0.000000000     0.000000000     0.493859594     0.012203402     0.493937004
     0.390511394    -1.564949755     0.000000000     0.000000000     0.493831020     0.012260014     0.493908966
     0.394459581    -1.561749812     0.000000000     0.000000000     0.493804936     0.012311693     0.493883372
     0.398407767    -1.558881153     0.000000000     0.000000000     0.493781408     0.012358305     0.493860287
     0.402355953    -1.556345602     0.000000000     0.000000000     0.493760498     0.012399730     0.493839772
     0.406304140    -1.554144784     0.000000000     0.000000000     0.493742262     0.012435859     0.493821880
     0.410252326    -1.552280118     0.000000000     0.000000000     0.493726747     0.012466595     0.493806658
     0.414200513    -1.537758124     0.202207157     0.797792843     0.000000000     0.000000000     0.000000000
     0.418148699    -1.519392399     0.186150972     0.813849028     0.000000000     0.000000000     0.000000000
     0.422096886    -1.515295373     0.033583566     0.966416434     0.000000000     0.000000000     0.000000000
     0.426045072    -1.528695576     0.000000000     0.000000000     0.493525321     0.012865607     0.493609071
     0.429993259    -1.548033796     0.000000000     0.000000000     0.493691195     0.012537026     0.493771779
     0.429993259    -1.548033796     0.000000000     0.000000000     0.493691195     0.012537026     0.493771779
     0.437889632    -1.547870052     0.021582969     0.978417031     0.000000000     0.000000000     0.000000000
     0.445786005    -1.550753420     0.000000000     0.000000000     0.493714000     0.012491847     0.493794152
     0.453682378    -1.554145325     0.000000000     0.000000000     0.493742266     0.012435850     0.493821884
     0.461578751    -1.558881628     0.000000000     0.000000000     0.493781412     0.012358297     0.493860291
     0.469475124    -1.564950165     0.000000000     0.000000000     0.493831023     0.012260008     0.493908969
     0.477371496    -1.568030751     0.756547870     0.243452130     0.000000000     0.000000000     0.000000000
     0.485267869    -1.529692024     0.195073861     0.804926139     0.000000000     0.000000000     0.000000000
     0.493164242    -1.540324429     0.072675013     0.927324987     0.000000000     0.000000000     0.000000000
     0.501060615    -1.552607360     0.066441253     0.933558747     0.000000000     0.000000000     0.000000000
     0.508956988    -1.565962433     0.061400444     0.938599556     0.000000000     0.000000000     0.000000000
     0.516853361    -1.580392776     0.057343826     0.942656174     0.000000000     0.000000000     0.000000000
     0.524749734    -1.595890925     0.054126757     0.945873243     0.000000000     0.000000000     0.000000000
     0.532646107    -1.612442192     0.051658924     0.948341076     0.000000000     0.000000000     0.000000000
     0.540542480    -1.630027160     0.049912292     0.950087708     0.000000000     0.000000000     0.000000000
     0.548438853    -1.648374159     0.047405662     0.952594338     0.000000000     0.000000000     0.000000000
     0.556335226    -1.667920939     0.046392490     0.953607510     0.000000000     0.000000000     0.000000000
     0.564231599    -1.688401819     0.046027904     0.953972096     0.000000000     0.000000000     0.000000000
     0.572127972    -1.709755002     0.047473841     0.952526159     0.000000000     0.000000000     0.000000000
     0.580024345    -1.730764786     0.263809688     0.736190312     0.000000000     0.000000000     0.000000000
  
     0.000000000    -1.514515349     0.000000000     0.000000000     0.241377211     0.527127828     0.231494961
     0.003948186    -1.502109513     0.530954109     0.469045891     0.000000000     0.000000000     0.000000000
     0.007896373    -1.502110482     0.567111776     0.432888224     0.000000000     0.000000000     0.000000000
     0.011844559    -1.502041642     0.602583706     0.397416294     0.000000000     0.000000000     0.000000000
     0.015792746    -1.501920653     0.637037925     0.362962075     0.000000000     0.000000000     0.000000000
     0.019740932    -1.501772035     0.670213219     0.329786781     0.000000000     0.000000000     0.000000000
     0.023689119    -1.501626597     0.701931495     0.298068505     0.000000000     0.000000000     0.000000000
     0.027637305    -1.501521019     0.732102105     0.267897895     0.000000000     0.000000000     0.000000000
     0.031585492    -1.501497812     0.760719556     0.239280444     0.000000000     0.000000000     0.000000000
     0.035533678    -1.501605922     0.787856560     0.212143440     0.000000000     0.000000000     0.000000000
     0.039481865    -1.501902327     0.813653946     0.186346054     0.000000000     0.000000000     0.000000000
     0.043430051    -1.502455120     0.838307278     0.161692722     0.000000000     0.000000000     0.000000000
     0.047378238    -1.503348804     0.862046100     0.137953900     0.000000000     0.000000000     0.000000000
     0.051326424    -1.504692864     0.885093724     0.114906276     0.000000000     0.000000000     0.000000000
     0.055274611    -1.506634834     0.907579332     0.092420668     0.000000000     0.000000000     0.000000000
     0.059222797    -1.509378025     0.929348444     0.070651556     0.000000000     0.000000000     0.000000000
     0.063170984    -1.507543284     0.921188487     0.078811513     0.000000000     0.000000000     0.000000000
     0.067119170    -1.496221244     0.811317159     0.188682841     0.000000000     0.000000000     0.000000000
     0.071067357    -1.477240026     0.789699125     0.210300875     0.000000000     0.000000000     0.000000000
     0.075015543    -1.459975816     0.775940203     0.224059797     0.000000000     0.000000000     0.000000000
     0.075015543    -1.459975816     0.775940203     0.224059797     0.000000000     0.000000000     0.000000000
     0.082911928    -1.474068536     0.819796055     0.180203945     0.000000000     0.000000000     0.000000000
     0.090808313    -1.484389289     0.827988034     0.172011966     0.000000000     0.000000000     0.000000000
     0.098704697    -1.494111938     0.000000000     0.000000000     0.259083665     0.472036103     0.268880232
     0.106601082    -1.519781323     0.000000000     0.000000000     0.258852714     0.472494360     0.268652926
     0.114497467    -1.546220678     0.000000000     0.000000000     0.258622598     0.472951035     0.268426367
     0.122393852    -1.521620946     0.907557246     0.092442754     0.000000000     0.000000000     0.000000000
     0.130290237    -1.532051909     0.879179404     0.120820596     0.000000000     0.000000000     0.000000000
     0.138186621    -1.543189897     0.925537581     0.074462419     0.000000000     0.000000000     0.000000000
     0.146083006    -1.555515439     0.931986871     0.068013129     0.000000000     0.000000000     0.000000000
     0.153979391    -1.568904968     0.937201025     0.062798975     0.000000000     0.000000000     0.000000000
     0.161875776    -1.583363051     0.941398846     0.058601154     0.000000000     0.000000000     0.000000000
     0.169772160    -1.598666216     0.945066369     0.054933631     0.000000000     0.000000000     0.000000000
     0.177668545    -1.573397621     0.000000000     0.000000000     0.258393873     0.473405021     0.268201106
     0.185564930    -1.546221538     0.000000000     0.000000000     0.258622591     0.472951050     0.268426360
     0.193461315    -1.550459427     0.044871804     0.955128196     0.000000000     0.000000000     0.000000000
     0.201357700    -1.595773210     0.046275557     0.953724443     0.000000000     0.000000000     0.000000000
     0.209254084    -1.641076475     0.049343164     0.950656836     0.000000000     0.000000000     0.000000000
     0.217150469    -1.686266031     0.061624247     0.938375753     0.000000000     0.000000000     0.000000000
     0.225046854    -1.728524501     0.367654101     0.632345899     0.000000000     0.000000000     0.000000000
     0.225046854    -1.728524501     0.367654101     0.632345899     0.000000000     0.000000000     0.000000000
     0.231885320    -1.696580862     0.271629646     0.728370354     0.000000000     0.000000000     0.000000000
     0.238723787    -1.662847184     0.275413874     0.724586126     0.000000000     0.000000000     0.000000000
     0.245562253    -1.629308196     0.280966446     0.719033554     0.000000000     0.000000000     0.000000000
     0.252400720    -1.596015464     0.287070602     0.712929398     0.000000000     0.000000000     0.000000000
     0.259239186    -1.569736946     0.705528787     0.294471213     0.000000000     0.000000000     0.000000000
     0.266077652    -1.537229983     0.698700638     0.301299362     0.000000000     0.000000000     0.000000000
     0.272916119    -1.505056420     0.691540278     0.308459722     0.000000000     0.000000000     0.000000000
     0.279754585    -1.515724270     0.000000000     0.000000000     0.493410290     0.013093452     0.493496258
     0.286593052    -1.484664561     0.000000000     0.000000000     0.493121793     0.013664807     0.493213400
     0.293431518    -1.466328939     0.000000000     0.000000000     0.259342435     0.471522732     0.269134833
     0.300269985    -1.475491864     0.000000000     0.000000000     0.259256051     0.471694097     0.269049852
     0.307108451    -1.485474825     0.000000000     0.000000000     0.259163108     0.471878485     0.268958406
     0.313946917    -1.488990188     0.506688211     0.493311789     0.000000000     0.000000000     0.000000000
     0.320785384    -1.507846749     0.000000000     0.000000000     0.258959145     0.472283169     0.268757686
     0.327623850    -1.520206849     0.000000000     0.000000000     0.258848949     0.472501831     0.268649219
     0.334462317    -1.533329429     0.000000000     0.000000000     0.258733838     0.472730266     0.268535896
     0.341300783    -1.547198620     0.000000000     0.000000000     0.258614233     0.472967638     0.268418129
     0.348139249    -1.540498804     0.000000000     0.000000000     0.241590044     0.526701114     0.231708842
     0.354977716    -1.514515349     0.000000000     0.000000000     0.241377211     0.527127828     0.231494961
     0.354977716    -1.514515349     0.000000000     0.000000000     0.241377211     0.527127828     0.231494961
     0.358925902    -1.531679533     0.000000000     0.000000000     0.241518499     0.526844540     0.231636961
     0.362874089    -1.535437471     0.000000000     0.000000000     0.258715524     0.472766611     0.268517865
     0.366822275    -1.514676384     0.000000000     0.000000000     0.258898041     0.472404416     0.268697543
     0.370770462    -1.500967743     0.353467758     0.646532242     0.000000000     0.000000000     0.000000000
     0.374718648    -1.500598714     0.321047849     0.678952151     0.000000000     0.000000000     0.000000000
     0.378666835    -1.500242955     0.290171478     0.709828522     0.000000000     0.000000000     0.000000000
     0.382615021    -1.499937646     0.260896920     0.739103080     0.000000000     0.000000000     0.000000000
     0.386563208    -1.499725237     0.233201372     0.766798628     0.000000000     0.000000000     0.000000000
     0.390511394    -1.499654108     0.206988991     0.793011009     0.000000000     0.000000000     0.000000000
     0.394459581    -1.499780227     0.182100835     0.817899165     0.000000000     0.000000000     0.000000000
     0.398407767    -1.500170322     0.158326899     0.841673101     0.000000000     0.000000000     0.000000000
     0.402355953    -1.500907309     0.135424196     0.864575804     0.000000000     0.000000000     0.000000000
     0.406304140    -1.502099114     0.113152698     0.886847302     0.000000000     0.000000000     0.000000000
     0.410252326    -1.503892313     0.091357378     0.908642622     0.000000000     0.000000000     0.000000000
     0.414200513    -1.506491120     0.070152751     0.929847249     0.000000000     0.000000000     0.000000000
     0.418148699    -1.510176395     0.050282984     0.949717016     0.000000000     0.000000000     0.000000000
     0.422096886    -1.513966792     0.064278716     0.935721284     0.000000000     0.000000000     0.000000000
     0.426045072    -1.528694869     0.000000000     0.000000000     0.493525315     0.012865620     0.493609065
     0.429993259    -1.535745178     0.031776946     0.968223054     0.000000000     0.000000000     0.000000000
     0.429993259    -1.535745178     0.031776946     0.968223054     0.000000000     0.000000000     0.000000000
     0.437889632    -1.509457919     0.000000000     0.000000000     0.493353596     0.013205742     0.493440663
     0.445786005    -1.485061009     0.164620996     0.835379004     0.000000000     0.000000000     0.000000000
     0.453682378    -1.492997406     0.138639139     0.861360861     0.000000000     0.000000000     0.000000000
     0.461578751    -1.501048440     0.117971600     0.882028400     0.000000000     0.000000000     0.000000000
     0.469475124    -1.509578112     0.102244686     0.897755314     0.000000000     0.000000000     0.000000000
     0.477371496    -1.518874226     0.090042939     0.909957061     0.000000000     0.000000000     0.000000000
     0.485267869    -1.529094653     0.080398984     0.919601016     0.000000000     0.000000000     0.000000000
     0.493164242    -1.540069286     0.073681399     0.926318601     0.000000000     0.000000000     0.000000000
     0.501060615    -1.552356264     0.066681671     0.933318329     0.000000000     0.000000000     0.000000000
     0.508956988    -1.565726427     0.061389462     0.938610538     0.000000000     0.000000000     0.000000000
     0.516853361    -1.580167954     0.057150719     0.942849281     0.000000000     0.000000000     0.000000000
     0.524749734    -1.595671529     0.053747332     0.946252668     0.000000000     0.000000000     0.000000000
     0.532646107    -1.612221787     0.051045053     0.948954947     0.000000000     0.000000000     0.000000000
     0.540542480    -1.629797830     0.048951173     0.951048827     0.000000000     0.000000000     0.000000000
     0.548438853    -1.603992279     0.000000000     0.000000000     0.258145379     0.473898324     0.267956296
     0.556335226    -1.598818049     0.952393360     0.047606640     0.000000000     0.000000000     0.000000000
     0.564231599    -1.644097342     0.948271441     0.051728559     0.000000000     0.000000000     0.000000000
     0.572127972    -1.689176764     0.926582911     0.073417089     0.000000000     0.000000000     0.000000000
     0.580024345    -1.728524501     0.367654101     0.632345899     0.000000000     0.000000000     0.000000000
  
     0.000000000    -1.514515349     0.000000000     0.000000000     0.241377211     0.527127828     0.231494961
     0.003948186    -1.501782421     0.530635653     0.469364347     0.000000000     0.000000000     0.000000000
     0.007896373    -1.501774851     0.566511747     0.433488253     0.000000000     0.000000000     0.000000000
     0.011844559    -1.501691890     0.601699319     0.398300681     0.000000000     0.000000000     0.000000000
     0.015792746    -1.501550383     0.635864810     0.364135190     0.000000000     0.000000000     0.000000000
     0.019740932    -1.501373592     0.668744389     0.331255611     0.000000000     0.000000000     0.000000000
     0.023689119    -1.501190498     0.700156105     0.299843895     0.000000000     0.000000000     0.000000000
     0.027637305    -1.501035150     0.730004180     0.269995820     0.000000000     0.000000000     0.000000000
     0.031585492    -1.500946263     0.758276910     0.241723090     0.000000000     0.000000000     0.000000000
     0.035533678    -1.500967213     0.785040380     0.214959620     0.000000000     0.000000000     0.000000000
     0.039481865    -1.501146607     0.810430053     0.189569947     0.000000000     0.000000000     0.000000000
     0.043430051    -1.501539499     0.834641163     0.165358837     0.000000000     0.000000000     0.000000000
     0.047378238    -1.502209101     0.857915634     0.142084366     0.000000000     0.000000000     0.000000000
     0.051326424    -1.503227366     0.880512676     0.119487324     0.000000000     0.000000000     0.000000000
     0.055274611    -1.504665346     0.902593390     0.097406610     0.000000000     0.000000000     0.000000000
     0.059222797    -1.506508113     0.923355196     0.076644804     0.000000000     0.000000000     0.000000000
     0.063170984    -1.490230454     0.000000000     0.000000000     0.259119256     0.471965488     0.268915256
     0.067119170    -1.467495439     0.000000000     0.000000000     0.259331380     0.471544662     0.269123958
     0.071067357    -1.449749780     0.772706113     0.227293887     0.000000000     0.000000000     0.000000000
     0.075015543    -1.459975115     0.775939579     0.224060421     0.000000000     0.000000000     0.000000000
     0.075015543    -1.459975115     0.775939579     0.224060421     0.000000000     0.000000000     0.000000000
     0.082911928    -1.472326831     0.798841697     0.201158303     0.000000000     0.000000000     0.000000000
     0.090808313    -1.469243173     0.000000000     0.000000000     0.259314848     0.471577457     0.269107695
     0.098704697    -1.494110891     0.000000000     0.000000000     0.259083674     0.472036084     0.268880242
     0.106601082    -1.503604208     0.878645957     0.121354043     0.000000000     0.000000000     0.000000000
     0.114497467    -1.512241392     0.894921173     0.105078827     0.000000000     0.000000000     0.000000000
     0.122393852    -1.521003067     0.905114997     0.094885003     0.000000000     0.000000000     0.000000000
     0.130290237    -1.531907314     0.917542792     0.082457208     0.000000000     0.000000000     0.000000000
     0.138186621    -1.542928298     0.924618088     0.075381912     0.000000000     0.000000000     0.000000000
     0.146083006    -1.555262678     0.931732266     0.068267734     0.000000000     0.000000000     0.000000000
     0.153979391    -1.568668943     0.937184885     0.062815115     0.000000000     0.000000000     0.000000000
     0.161875776    -1.583139407     0.941556837     0.058443163     0.000000000     0.000000000     0.000000000
     0.169772160    -1.553607329     0.000000000     0.000000000     0.241695088     0.526490558     0.231814354
     0.177668545    -1.508436959     0.000000000     0.000000000     0.241326517     0.527229486     0.231443997
     0.185564930    -1.546221220     0.000000000     0.000000000     0.258622593     0.472951044     0.268426362
     0.193461315    -1.519782184     0.000000000     0.000000000     0.258852707     0.472494375     0.268652918
     0.201357700    -1.494111753     0.000000000     0.000000000     0.259083666     0.472036100     0.268880234
     0.209254084    -1.469242908     0.000000000     0.000000000     0.259314850     0.471577452     0.269107698
     0.217150469    -1.445209075     0.000000000     0.000000000     0.259545570     0.471119799     0.269334631
     0.225046854    -1.422044345     0.000000000     0.000000000     0.259775065     0.470664649     0.269560286
     0.225046854    -1.422044345     0.000000000     0.000000000     0.259775065     0.470664649     0.269560286
     0.231885320    -1.456239879     0.000000000     0.000000000     0.259438764     0.471331649     0.269229587
     0.238723787    -1.490661776     0.000000000     0.000000000     0.259115292     0.471973352     0.268911356
     0.245562253    -1.525297480     0.000000000     0.000000000     0.258804067     0.472590897     0.268605036
     0.252400720    -1.560135274     0.000000000     0.000000000     0.258504526     0.473185381     0.268310093
     0.259239186    -1.562993172     0.293559813     0.706440187     0.000000000     0.000000000     0.000000000
     0.266077652    -1.530261481     0.300391424     0.699608576     0.000000000     0.000000000     0.000000000
     0.272916119    -1.497840252     0.307548979     0.692451021     0.000000000     0.000000000     0.000000000
     0.279754585    -1.473240319     0.684058210     0.315941790     0.000000000     0.000000000     0.000000000
     0.286593052    -1.457998553     0.000000000     0.000000000     0.259421880     0.471365141     0.269212979
     0.293431518    -1.454030445     0.000000000     0.000000000     0.492817869     0.014266596     0.492915535
     0.300269985    -1.423849412     0.000000000     0.000000000     0.492497858     0.014900110     0.492602032
     0.307108451    -1.452851958     0.506610802     0.493389198     0.000000000     0.000000000     0.000000000
     0.313946917    -1.479838992     0.000000000     0.000000000     0.259215430     0.471774684     0.269009886
     0.320785384    -1.441664777     0.000000000     0.000000000     0.259580223     0.471051069     0.269368708
     0.327623850    -1.459992126     0.000000000     0.000000000     0.492878606     0.014146342     0.492975052
     0.334462317    -1.496848923     0.000000000     0.000000000     0.493237229     0.013436204     0.493326567
     0.341300783    -1.533853492     0.000000000     0.000000000     0.493570210     0.012776690     0.493653100
     0.348139249    -1.538639159     0.494300917     0.505699083     0.000000000     0.000000000     0.000000000
     0.354977716    -1.514515349     0.000000000     0.000000000     0.241377211     0.527127828     0.231494961
     0.354977716    -1.514515349     0.000000000     0.000000000     0.241377211     0.527127828     0.231494961
     0.358925902    -1.531679483     0.000000000     0.000000000     0.241518499     0.526844541     0.231636960
     0.362874089    -1.535437407     0.000000000     0.000000000     0.258715524     0.472766610     0.268517865
     0.366822275    -1.514676287     0.000000000     0.000000000     0.258898042     0.472404415     0.268697544
     0.370770462    -1.500605020     0.354541223     0.645458777     0.000000000     0.000000000     0.000000000
     0.374718648    -1.500209766     0.322405541     0.677594459     0.000000000     0.000000000     0.000000000
     0.378666835    -1.499818366     0.291822377     0.708177623     0.000000000     0.000000000     0.000000000
     0.382615021    -1.499465403     0.262855405     0.737144595     0.000000000     0.000000000     0.000000000
     0.386563208    -1.499189575     0.235488314     0.764511686     0.000000000     0.000000000     0.000000000
     0.390511394    -1.499033739     0.209632264     0.790367736     0.000000000     0.000000000     0.000000000
     0.394459581    -1.499045527     0.185134336     0.814865664     0.000000000     0.000000000     0.000000000
     0.398407767    -1.499278638     0.161786094     0.838213906     0.000000000     0.000000000     0.000000000
     0.402355953    -1.499794618     0.139334393     0.860665607     0.000000000     0.000000000     0.000000000
     0.406304140    -1.500663632     0.117506425     0.882493575     0.000000000     0.000000000     0.000000000
     0.410252326    -1.501955556     0.096113412     0.903886588     0.000000000     0.000000000     0.000000000
     0.414200513    -1.503660405     0.075827674     0.924172326     0.000000000     0.000000000     0.000000000
     0.418148699    -1.504699081     0.074826595     0.925173405     0.000000000     0.000000000     0.000000000
     0.422096886    -1.509458621     0.000000000     0.000000000     0.493353602     0.013205729     0.493440669
     0.426045072    -1.522071667     0.022637457     0.977362543     0.000000000     0.000000000     0.000000000
     0.429993259    -1.526034360     0.016637454     0.983362546     0.000000000     0.000000000     0.000000000
     0.429993259    -1.526034360     0.016637454     0.983362546     0.000000000     0.000000000     0.000000000
     0.437889632    -1.509457919     0.000000000     0.000000000     0.493353596     0.013205742     0.493440663
     0.445786005    -1.482169416     0.167266177     0.832733823     0.000000000     0.000000000     0.000000000
     0.453682378    -1.491463495     0.140426405     0.859573595     0.000000000     0.000000000     0.000000000
     0.461578751    -1.500057914     0.119478924     0.880521076     0.000000000     0.000000000     0.000000000
     0.469475124    -1.508858744     0.103582442     0.896417558     0.000000000     0.000000000     0.000000000
     0.477371496    -1.518271651     0.092166843     0.907833157     0.000000000     0.000000000     0.000000000
     0.485267869    -1.523941634     0.632461471     0.367538529     0.000000000     0.000000000     0.000000000
     0.493164242    -1.514676730     0.000000000     0.000000000     0.258898038     0.472404423     0.268697540
     0.501060615    -1.531679180     0.000000000     0.000000000     0.241518496     0.526844546     0.231636958
     0.508956988    -1.497551153     0.000000000     0.000000000     0.241234855     0.527413320     0.231351825
     0.516853361    -1.464260403     0.000000000     0.000000000     0.240947396     0.527990021     0.231062583
     0.524749734    -1.431883514     0.000000000     0.000000000     0.240657126     0.528572661     0.230770212
     0.532646107    -1.462955185     0.955768084     0.044231916     0.000000000     0.000000000     0.000000000
     0.540542480    -1.508222457     0.955061940     0.044938060     0.000000000     0.000000000     0.000000000
     0.548438853    -1.553514657     0.954074782     0.045925218     0.000000000     0.000000000     0.000000000
     0.556335226    -1.558470833     0.000000000     0.000000000     0.258518542     0.473157562     0.268323896
     0.564231599    -1.512971155     0.000000000     0.000000000     0.258913247     0.472374242     0.268712511
     0.572127972    -1.467495007     0.000000000     0.000000000     0.259331384     0.471544654     0.269123962
     0.580024345    -1.422044345     0.000000000     0.000000000     0.259775065     0.470664649     0.269560286
  
     0.000000000    -1.502028466     0.494493027     0.505506973     0.000000000     0.000000000     0.000000000
     0.003948186    -1.497551499     0.000000000     0.000000000     0.241234858     0.527413314     0.231351828
     0.007896373    -1.480796864     0.000000000     0.000000000     0.241091547     0.527700788     0.231207664
     0.011844559    -1.464260795     0.000000000     0.000000000     0.240947399     0.527990015     0.231062586
     0.015792746    -1.447953080     0.000000000     0.000000000     0.240802545     0.528280732     0.230916723
     0.019740932    -1.431883955     0.000000000     0.000000000     0.240657130     0.528572653     0.230770216
     0.023689119    -1.416064115     0.000000000     0.000000000     0.240511315     0.528865462     0.230623223
     0.027637305    -1.400504730     0.000000000     0.000000000     0.240365274     0.529158813     0.230475913
     0.031585492    -1.385217446     0.000000000     0.000000000     0.240219195     0.529452330     0.230328475
     0.035533678    -1.370214398     0.000000000     0.000000000     0.240073286     0.529745604     0.230181110
     0.039481865    -1.355508211     0.000000000     0.000000000     0.239927766     0.530038194     0.230034040
     0.043430051    -1.342367205     0.851339535     0.148660465     0.000000000     0.000000000     0.000000000
     0.047378238    -1.359477866     0.840921482     0.159078518     0.000000000     0.000000000     0.000000000
     0.051326424    -1.376340480     0.829334731     0.170665269     0.000000000     0.000000000     0.000000000
     0.055274611    -1.392819509     0.816586976     0.183413024     0.000000000     0.000000000     0.000000000
     0.059222797    -1.408718722     0.802984920     0.197015080     0.000000000     0.000000000     0.000000000
     0.063170984    -1.423759307     0.789505259     0.210494741     0.000000000     0.000000000     0.000000000
     0.067119170    -1.437572857     0.778291144     0.221708856     0.000000000     0.000000000     0.000000000
     0.071067357    -1.444766791     0.000000000     0.000000000     0.259549885     0.471111240     0.269338874
     0.075015543    -1.450917174     0.798888223     0.201111777     0.000000000     0.000000000     0.000000000
     0.075015543    -1.450917174     0.798888223     0.201111777     0.000000000     0.000000000     0.000000000
     0.082911928    -1.445209423     0.000000000     0.000000000     0.259545567     0.471119806     0.269334627
     0.090808313    -1.469242045     0.000000000     0.000000000     0.259314859     0.471577436     0.269107706
     0.098704697    -1.493865953     0.855476312     0.144523688     0.000000000     0.000000000     0.000000000
     0.106601082    -1.502603343     0.877078843     0.122921157     0.000000000     0.000000000     0.000000000
     0.114497467    -1.511512777     0.893507707     0.106492293     0.000000000     0.000000000     0.000000000
     0.122393852    -1.508436530     0.000000000     0.000000000     0.241326514     0.527229493     0.231443993
     0.130290237    -1.522758513     0.298429454     0.701570546     0.000000000     0.000000000     0.000000000
     0.138186621    -1.480660272     0.274070855     0.725929145     0.000000000     0.000000000     0.000000000
     0.146083006    -1.438529973     0.287947841     0.712052159     0.000000000     0.000000000     0.000000000
     0.153979391    -1.396861610     0.303939175     0.696060825     0.000000000     0.000000000     0.000000000
     0.161875776    -1.418107527     0.000000000     0.000000000     0.492434507     0.015025509     0.492539984
     0.169772160    -1.462693827     0.000000000     0.000000000     0.492905873     0.014092356     0.493001772
     0.177668545    -1.507364157     0.000000000     0.000000000     0.493334486     0.013243590     0.493421924
     0.185564930    -1.505160918     0.043997646     0.956002354     0.000000000     0.000000000     0.000000000
     0.193461315    -1.519781926     0.000000000     0.000000000     0.258852709     0.472494371     0.268652920
     0.201357700    -1.494111557     0.000000000     0.000000000     0.259083668     0.472036096     0.268880236
     0.209254084    -1.469242775     0.000000000     0.000000000     0.259314852     0.471577449     0.269107699
     0.217150469    -1.445209008     0.000000000     0.000000000     0.259545571     0.471119798     0.269334631
     0.225046854    -1.422044345     0.000000000     0.000000000     0.259775065     0.470664649     0.269560286
     0.225046854    -1.422044345     0.000000000     0.000000000     0.259775065     0.470664649     0.269560286
     0.231885320    -1.422492682     0.000000000     0.000000000     0.259770555     0.470673593     0.269555852
     0.238723787    -1.423837012     0.000000000     0.000000000     0.259757048     0.470700380     0.269542572
     0.245562253    -1.426075295     0.000000000     0.000000000     0.259734613     0.470744870     0.269520516
     0.252400720    -1.429204147     0.000000000     0.000000000     0.259703366     0.470806839     0.269489794
     0.259239186    -1.433218870     0.000000000     0.000000000     0.259663465     0.470885973     0.269450562
     0.266077652    -1.447238401     0.000000000     0.000000000     0.240796134     0.528293599     0.230910266
     0.272916119    -1.483106512     0.000000000     0.000000000     0.241111466     0.527660829     0.231227705
     0.279754585    -1.465750089     0.315023440     0.684976560     0.000000000     0.000000000     0.000000000
     0.286593052    -1.441807671     0.676256700     0.323743300     0.000000000     0.000000000     0.000000000
     0.293431518    -1.410790018     0.668033573     0.331966427     0.000000000     0.000000000     0.000000000
